BEAR 35.46135 -82.35822 2013 07 14 14 00 00 16.1 6.661 180 883 nan 6.1 94.1 nan
BURN 35.91892 -82.26035 2013 07 14 14 00 00 20.5 2.700 67 932 nan 1.8 90.3 nan
FLET 35.42721 -82.55888 2013 07 14 14 00 00 21.4 3.316 157 952 nan 1.8 87.5 nan
FRYI 35.39357 -82.77427 2013 07 14 14 00 00 nan nan nan nan nan 0.0 nan nan
HAML 34.84207 -79.73840 2013 07 14 14 00 00 30.8 4.600 135 1012 nan 0.0 53.0 nan
JACK 35.18782 -79.68437 2013 07 14 14 00 00 30.0 4.494 112 1002 nan 0.0 57.0 nan
K0A9 36.37122 -82.17342 2013 07 14 14 00 00 27.0 4.115 67 nan nan nan 62.0 19.0
K0VG 36.65400 -83.21800 2013 07 14 14 00 00 28.0 5.144 90 nan nan nan 66.0 21.0
K1A6 36.61056 -83.73750 2013 07 14 14 00 00 29.0 2.572 90 nan nan nan 64.0 21.4
KAKH 35.20266 -81.14987 2013 07 14 14 00 00 28.3 3.086 90 nan 1024 nan 65.0 21.1
KAND 34.49494 -82.70903 2013 07 14 14 00 00 27.2 6.173 112 nan 1022 nan 72.0 21.7
KAVL 35.43619 -82.54181 2013 07 14 14 00 00 21.1 2.572 157 nan 1025 1.5 97.0 20.6
KBBP 34.62171 -79.73436 2013 07 14 14 00 00 32.0 3.601 112 nan nan nan 43.0 18.0
KBKW 37.78733 -81.12416 2013 07 14 14 00 00 25.6 5.144 157 nan 1025 nan 67.0 18.9
KBLF 37.29580 -81.20769 2013 07 14 14 00 00 26.1 3.086 400 nan 1025 nan 56.0 16.7
KBSN 37.75000 -82.63330 2013 07 14 14 00 00 nan nan nan nan nan nan nan 21.1
KCDN 34.28358 -80.56486 2013 07 14 14 00 00 30.0 6.687 112 nan nan nan 66.0 23.0
KCEU 34.67192 -82.88682 2013 07 14 14 00 00 25.6 5.658 90 nan 1023 0.0 76.0 21.1
KCLT 35.21401 -80.94313 2013 07 14 14 00 00 30.0 5.658 90 nan 1024 nan 59.0 21.1
KCQW 34.71287 -79.95700 2013 07 14 14 00 00 29.0 70.000 nan nan nan nan nan 23.0
KDCM 34.78933 -81.19578 2013 07 14 14 00 00 25.0 0.000 400 nan nan 4.6 94.0 24.0
KEHO 35.25556 -81.60100 2013 07 14 14 00 00 27.6 5.658 112 nan nan nan 67.0 20.9
KEOE 34.30928 -81.63972 2013 07 14 14 00 00 26.0 3.601 67 nan nan nan 94.0 25.0
KEQY 35.01884 -80.62023 2013 07 14 14 00 00 28.9 3.601 90 nan 1024 nan 63.0 21.1
KEXX 35.78114 -80.30378 2013 07 14 14 00 00 29.1 5.144 90 nan nan nan 64.0 21.5
KFDW 34.31547 -81.10881 2013 07 14 14 00 00 27.0 3.601 90 nan nan nan 89.0 25.0
KFQD 35.42822 -81.93508 2013 07 14 14 00 00 25.6 4.630 135 nan nan nan 78.0 21.4
KGEV 36.43243 -81.41968 2013 07 14 14 00 00 21.0 3.086 112 nan nan nan 88.0 18.9
KGMU 34.84794 -82.35000 2013 07 14 14 00 00 22.8 3.601 112 nan 1024 6.1 90.0 21.1
KGSO 36.09775 -79.93730 2013 07 14 14 00 00 30.0 3.601 135 nan 1024 nan 55.0 20.0
KGSP 34.89567 -82.21886 2013 07 14 14 00 00 22.8 4.115 135 nan 1024 3.0 94.0 21.7
KGYH 34.75833 -82.37639 2013 07 14 14 00 00 23.0 5.144 112 nan nan nan nan 100.0
KHBI 35.65453 -79.89474 2013 07 14 14 00 00 28.3 0.000 400 nan nan nan 67.0 21.5
KHKY 35.74115 -81.38955 2013 07 14 14 00 00 27.2 2.058 400 nan 1023 0.3 72.0 21.7
KHLX 36.76611 -80.82357 2013 07 14 14 00 00 27.0 3.601 112 nan nan nan 70.0 21.0
KHSP 37.95144 -79.83389 2013 07 14 14 00 00 22.0 2.572 112 nan nan nan 78.0 18.0
KHVS 34.40308 -80.11922 2013 07 14 14 00 00 32.0 3.601 112 nan nan nan 52.0 21.0
KI16 37.60100 -81.55900 2013 07 14 14 00 00 29.4 nan nan nan nan nan nan 20.4
KINT 36.13372 -80.22200 2013 07 14 14 00 00 28.3 3.601 90 nan 1025 0.0 63.0 20.6
KIPJ 35.48333 -81.16126 2013 07 14 14 00 00 29.0 4.115 112 nan nan nan 62.0 21.0
KJFZ 37.06375 -81.79828 2013 07 14 14 00 00 24.1 4.630 157 nan nan nan 68.0 17.9
KJKL 37.59386 -83.31725 2013 07 14 14 00 00 29.4 2.058 400 nan 1022 nan 61.0 21.1
KKOO 37.77000 -83.63000 2013 07 14 14 00 00 nan nan nan nan nan nan nan nan
KLNP 36.98753 -82.53000 2013 07 14 14 00 00 27.0 3.086 135 nan nan nan 66.0 20.0
KLOZ 37.08688 -84.07739 2013 07 14 14 00 00 29.4 2.572 400 nan 1021 nan 57.0 20.0
KLQK 34.80990 -82.70280 2013 07 14 14 00 00 24.4 4.630 112 nan nan nan 92.0 23.0
KLUX 34.50706 -81.94719 2013 07 14 14 00 00 23.0 2.572 67 nan nan nan nan 100.0
KLWB 37.85831 -80.39947 2013 07 14 14 00 00 25.0 3.086 157 nan nan nan 57.0 16.0
KMKJ 36.89486 -81.34994 2013 07 14 14 00 00 27.3 3.601 135 nan nan nan 60.0 18.9
KMRN 35.82023 -81.61141 2013 07 14 14 00 00 23.8 1.543 45 nan nan 2.5 92.0 22.4
KMTV 36.63075 -80.01833 2013 07 14 14 00 00 30.9 3.601 135 nan nan nan 54.0 20.5
KMWK 36.45973 -80.55296 2013 07 14 14 00 00 29.4 3.601 90 nan nan nan 62.0 21.4
KPEA 37.13806 -83.57972 2013 07 14 14 00 00 nan nan nan nan nan 0.0 nan 21.6
KPSK 37.13735 -80.67848 2013 07 14 14 00 00 29.0 4.115 112 nan nan nan 58.0 20.0
KRCZ 34.89133 -79.75959 2013 07 14 14 00 00 31.2 3.601 90 nan nan nan 56.0 21.4
KRHP 35.19501 -83.86384 2013 07 14 14 00 00 27.6 3.086 90 nan nan nan 63.0 20.0
KROA 37.32547 -79.97542 2013 07 14 14 00 00 28.3 4.630 112 nan 1026 nan 61.0 20.0
KSIF 36.43722 -79.85101 2013 07 14 14 00 00 29.0 2.058 112 nan nan nan 63.0 21.2
KSPA 34.91572 -81.95650 2013 07 14 14 00 00 25.0 3.086 180 nan nan nan 89.0 23.0
KSVH 35.76500 -80.95390 2013 07 14 14 00 00 28.4 5.144 90 nan nan nan 66.0 21.4
KTNB 36.20000 -81.65000 2013 07 14 14 00 00 20.4 3.601 112 nan nan 3.3 98.0 20.0
KUDG 34.44919 -79.89036 2013 07 14 14 00 00 32.0 6.173 112 nan nan nan 56.0 22.0
KUKF 36.22284 -81.09834 2013 07 14 14 00 00 27.0 2.572 112 nan nan nan 66.0 20.0
KUZA 34.98783 -81.05717 2013 07 14 14 00 00 28.3 4.115 180 nan 1023 nan 70.0 22.2
KVJI 36.68711 -82.03333 2013 07 14 14 00 00 28.0 4.630 157 nan nan nan 62.0 20.0
KVUJ 35.41669 -80.15080 2013 07 14 14 00 00 27.0 4.115 45 nan nan nan 78.0 22.8
LAUR 36.40232 -81.29711 2013 07 14 14 00 00 22.3 4.064 112 923 nan 0.0 72.4 nan
LILE 34.97043 -79.91771 2013 07 14 14 00 00 29.1 2.700 112 1008 nan 0.0 59.6 nan
MITC 35.75850 -82.27120 2013 07 14 14 00 00 14.1 6.943 157 821 nan 3.0 95.3 nan
N7MR 35.80000 -82.65000 2013 07 14 14 00 00 nan nan nan nan 1036 0.0 nan 20.5
NBUS 35.77000 -82.19000 2013 07 14 14 00 00 nan nan nan nan nan 0.0 nan 20.0
NCAT 36.06733 -79.73447 2013 07 14 14 00 00 29.1 3.518 315 997 nan 0.0 56.7 nan
NCHE 35.33000 -83.82000 2013 07 14 14 00 00 nan nan nan nan nan 0.0 nan 21.1
NCOW 35.48000 -83.33000 2013 07 14 14 00 00 nan nan nan nan nan nan nan 21.4
NDAV 35.35000 -82.78000 2013 07 14 14 00 00 nan nan nan nan nan 0.0 nan 18.2
NGRF 35.76000 -82.04000 2013 07 14 14 00 00 nan nan nan nan nan 2.3 nan 20.9
NGUI 35.21000 -82.59000 2013 07 14 14 00 00 nan nan nan nan 1024 0.0 nan 20.1
NHIG 35.08000 -83.22000 2013 07 14 14 00 00 nan nan nan nan nan 8.1 nan 17.5
NJCY 35.32000 -83.21000 2013 07 14 14 00 00 nan nan nan nan 1030 1.3 nan 19.9
NJES 36.05280 -82.37920 2013 07 14 14 00 00 nan nan nan nan 1041 nan nan 900.9
NLEX 35.79000 -80.31000 2013 07 14 14 00 00 nan nan nan nan 1034 0.0 nan 20.6
NNCP 35.82000 -81.94000 2013 07 14 14 00 00 nan nan nan nan nan nan nan 20.3
NRAV 36.47556 -80.85694 2013 07 14 14 00 00 nan nan nan nan 1035 0.0 nan 20.1
NREN 36.23000 -81.30000 2013 07 14 14 00 00 nan nan nan nan 1029 0.0 nan 20.1
NRUT 35.43000 -81.94000 2013 07 14 14 00 00 nan nan nan nan 994 0.0 nan 21.3
NTYL 35.91000 -81.14000 2013 07 14 14 00 00 nan nan nan nan nan nan nan 20.9
NWAY 35.17000 -83.40000 2013 07 14 14 00 00 nan nan nan nan nan nan nan 382.8
REID 36.38152 -79.69982 2013 07 14 14 00 00 29.4 2.590 157 995 nan 0.0 62.2 nan
SALI 35.69744 -80.62186 2013 07 14 14 00 00 28.0 4.502 112 999 nan 0.0 63.6 nan
SCAR 34.66000 -80.27000 2013 07 14 14 00 00 nan nan nan nan nan 0.0 nan 22.2
SKIN 35.15000 -81.40000 2013 07 14 14 00 00 nan nan nan nan nan 0.0 nan 21.4
SPRU 35.90100 -82.05890 2013 07 14 14 00 00 21.3 0.660 45 930 nan 1.5 87.8 nan
SWHI 34.63000 -81.60000 2013 07 14 14 00 00 nan nan nan nan nan 5.3 nan 21.2
TAYL 35.91390 -81.19087 2013 07 14 14 00 00 27.6 5.600 90 983 nan 0.0 64.3 nan
TCHE 35.62000 -83.21000 2013 07 14 14 00 00 nan nan nan nan nan nan nan 18.7
TCHU 36.37000 -83.90000 2013 07 14 14 00 00 nan nan nan nan nan 0.0 nan 20.9
THAM 36.26000 -83.28000 2013 07 14 14 00 00 nan nan nan nan nan 0.0 nan 19.8
TTOW 35.54000 -83.28000 2013 07 14 14 00 00 nan nan nan nan nan nan nan 20.0
VASH 37.99000 -79.76000 2013 07 14 14 00 00 nan nan nan nan nan 0.0 nan 20.8
VVIE 37.83250 -81.06780 2013 07 14 14 00 00 nan nan nan nan nan 0.0 nan 19.0
WAYN 35.48752 -82.96768 2013 07 14 14 00 00 21.6 3.192 135 931 nan 1.8 71.7 nan
WINE 35.17310 -83.58097 2013 07 14 14 00 00 15.9 3.530 135 843 nan 0.0 92.1 nan
WLOG 37.86000 -81.91000 2013 07 14 14 00 00 nan nan nan nan nan 0.0 nan 22.4

